Foot target position Info
Units are S.I. units (meters)
datarows 34
range 0 1.1
time right_foot left_foot 
0 -2.444333 0.157040 0.392158 -2.321611 0.051660 0.227529
0.0333333 -2.396347 0.152604 0.388611 -2.320994 0.053806 0.226594
0.0666667 -2.345454 0.139273 0.385820 -2.320648 0.056934 0.223862
0.1 -2.291748 0.119804 0.384654 -2.320319 0.058425 0.221184
0.133333 -2.235044 0.098224 0.385199 -2.319950 0.058581 0.218830
0.166667 -2.176193 0.081236 0.387140 -2.319577 0.058043 0.216193
0.2 -2.118803 0.076052 0.389302 -2.319074 0.057001 0.214344
0.233333 -2.069888 0.083654 0.393202 -2.318326 0.056033 0.213484
0.266667 -2.035276 0.087147 0.396193 -2.317391 0.056477 0.214097
0.3 -2.015028 0.079225 0.398512 -2.314903 0.060834 0.214900
0.333333 -2.002418 0.067160 0.398207 -2.309595 0.069316 0.214570
0.366667 -1.993598 0.058718 0.395688 -2.299529 0.081915 0.212881
0.4 -1.988670 0.053669 0.392454 -2.279916 0.096149 0.212933
0.433333 -1.987087 0.050678 0.389924 -2.252611 0.112284 0.213255
0.466667 -1.987287 0.048349 0.387835 -2.219638 0.130884 0.211231
0.5 -1.987491 0.047365 0.387069 -2.181996 0.150357 0.210007
0.533333 -1.987355 0.047851 0.386203 -2.140482 0.164531 0.211731
0.566667 -1.986921 0.048962 0.385557 -2.095446 0.166870 0.213957
0.6 -1.986365 0.050176 0.385233 -2.046717 0.156543 0.215591
0.633333 -1.985909 0.051887 0.385168 -1.994649 0.137588 0.215711
0.666667 -1.985445 0.053480 0.385140 -1.939354 0.113863 0.213820
0.7 -1.984901 0.054686 0.385117 -1.880908 0.089947 0.210682
0.733334 -1.984184 0.055516 0.385416 -1.820599 0.072736 0.207219
0.766667 -1.983143 0.056051 0.386006 -1.762953 0.069091 0.203768
0.8 -1.981715 0.057297 0.386318 -1.716240 0.076911 0.203226
0.833334 -1.979243 0.061299 0.388162 -1.686150 0.077437 0.204583
0.866667 -1.974453 0.068618 0.391622 -1.669146 0.067231 0.210382
0.9 -1.965271 0.078942 0.396104 -1.656927 0.059206 0.227631
0.933334 -1.948302 0.090483 0.399632 -1.648057 0.054739 0.235514
0.966667 -1.923846 0.104942 0.403554 -1.644149 0.050803 0.236161
1 -1.892452 0.122365 0.408016 -1.643499 0.048406 0.236194
1.03333 -1.854763 0.140191 0.411269 -1.643961 0.047274 0.236868
1.06667 -1.819338 0.152958 0.411325 -1.652374 0.047297 0.237965
1.1 -1.770787 0.157040 0.403086 -1.649735 0.051660 0.233584
