Units are S.I. units (second, meters, Newtons, ...)
Angles are in degrees.
name walk
datarows 101 
datacolumns 25 
range 0  2.0
endheader
time Pelvis_PX Pelvis_PY Pelvis_PZ Pelvis_X Pelvis_Y Pelvis_Z FemurR_X FemurR_Y FemurR_Z FemurL_X FemurL_Y FemurL_Z TibiaR_X TibiaR_Y TibiaR_Z TibiaL_X TibiaL_Y TibiaL_Z TalusR_X TalusR_Y TalusR_Z TalusL_X TalusL_Y TalusL_Z
0.00000 0.00000 0.00000 0.00000 0.00000 0.00000 0.00000 -0.54404 -1.23395 34.57660 3.50898 -10.91980 1.05869 -0.28763 -23.39200 1.91626 1.37803 -3.94847 4.80604 3.73839 6.98387 -0.20889 0.51750 9.55945 8.30655
1.00000 0.00000 0.00000 0.00000 0.00000 0.00000 0.00000 -0.53586 -1.08149 34.63900 3.29018 -11.37100 0.60961 -0.08986 -22.81720 3.40318 1.29955 -3.44398 5.54879 3.41202 6.87214 -0.28597 1.18816 9.88444 7.95585
2.00000 0.00000 0.00000 0.00000 0.00000 0.00000 0.00000 -0.46864 -0.87793 34.46310 3.00713 -11.76900 0.14979 0.06649 -22.34580 4.52462 1.18907 -3.05759 6.35596 2.85283 6.64933 -1.09335 1.90142 10.29630 7.47651
3.00000 0.00000 0.00000 0.00000 0.00000 0.00000 0.00000 -0.33987 -0.52822 34.09150 2.63732 -12.01820 -0.23633 0.17847 -22.06630 5.08779 1.04282 -2.86281 7.26838 2.24888 6.23319 -2.53266 2.63776 10.78930 6.82714
4.00000 0.00000 0.00000 0.00000 0.00000 0.00000 0.00000 -0.16314 -0.02809 33.66480 2.17791 -12.06020 -0.45441 0.32799 -21.85800 5.46129 0.86110 -2.89688 8.35620 1.81605 5.57687 -3.92262 3.35224 11.31140 5.97601
5.00000 0.00000 0.00000 0.00000 0.00000 0.00000 0.00000 0.05256 0.45754 33.35100 1.64220 -11.92430 -0.45403 0.60947 -21.42990 6.23042 0.66432 -3.16146 9.70231 1.50615 4.74171 -4.66307 3.97014 11.82610 4.90595
6.00000 0.00000 0.00000 0.00000 0.00000 0.00000 0.00000 0.32626 0.68805 33.19860 1.04797 -11.72050 -0.24362 0.98788 -20.62770 7.50666 0.48386 -3.65656 11.36980 1.12252 3.95541 -4.66734 4.41024 12.37920 3.58732
7.00000 0.00000 0.00000 0.00000 0.00000 0.00000 0.00000 0.67936 0.53575 33.05400 0.41136 -11.56840 0.13795 1.31533 -19.57220 8.89966 0.33681 -4.41953 13.39100 0.46340 3.49558 -4.24531 4.60227 13.09330 1.96777
8.00000 0.00000 0.00000 0.00000 0.00000 0.00000 0.00000 1.10189 0.05851 32.68320 -0.26360 -11.52930 0.65331 1.48774 -18.42380 10.02330 0.22962 -5.45100 15.78080 -0.49902 3.39678 -3.67257 4.47700 14.04490 0.01870
9.00000 0.00000 0.00000 0.00000 0.00000 0.00000 0.00000 1.55266 -0.55356 31.96540 -0.96547 -11.60120 1.28807 1.50129 -17.19850 10.73120 0.15520 -6.60137 18.55690 -1.54028 3.35475 -3.03719 3.99719 15.14790 -2.19038
10.00000 0.00000 0.00000 0.00000 0.00000 0.00000 0.00000 1.97569 -1.12730 30.95250 -1.65936 -11.76170 2.07337 1.40617 -15.92540 11.03810 0.08705 -7.56317 21.74950 -2.45178 3.11769 -2.39285 3.18600 16.14280 -4.45806
11.00000 0.00000 0.00000 0.00000 0.00000 0.00000 0.00000 2.31982 -1.61214 29.79530 -2.30871 -11.91630 3.08639 1.26766 -14.83740 11.01990 0.01758 -8.09050 25.36870 -3.19570 2.81892 -1.79254 2.10035 16.70390 -6.53651
12.00000 0.00000 0.00000 0.00000 0.00000 0.00000 0.00000 2.55169 -2.04750 28.64340 -2.87682 -11.92260 4.40490 1.13963 -14.22380 10.76290 -0.04310 -8.19331 29.35300 -3.79669 2.77814 -1.25425 0.83077 16.65930 -8.30103
13.00000 0.00000 0.00000 0.00000 0.00000 0.00000 0.00000 2.65949 -2.47372 27.58250 -3.32691 -11.65530 6.04827 1.05435 -14.13800 10.35670 -0.07263 -8.08499 33.54650 -4.26798 3.11598 -0.76428 -0.46400 16.06990 -9.78750
14.00000 0.00000 0.00000 0.00000 0.00000 0.00000 0.00000 2.65458 -2.89782 26.64050 -3.62444 -11.06850 7.95343 1.02469 -14.32340 9.90530 -0.03384 -8.00850 37.73600 -4.62088 3.64066 -0.29600 -1.60994 15.14980 -11.05300
15.00000 0.00000 0.00000 0.00000 0.00000 0.00000 0.00000 2.56728 -3.29346 25.81420 -3.75566 -10.21610 10.01370 1.04861 -14.42820 9.50695 0.10735 -8.13270 41.72880 -4.86881 4.04044 0.17714 -2.43896 14.15040 -12.04200
16.00000 0.00000 0.00000 0.00000 0.00000 0.00000 0.00000 2.44555 -3.61570 25.08400 -3.74230 -9.18898 12.12450 1.11251 -14.25050 9.21875 0.37836 -8.55642 45.39480 -5.03773 4.12689 0.66984 -2.84480 13.25790 -12.56490
17.00000 0.00000 0.00000 0.00000 0.00000 0.00000 0.00000 2.34375 -3.84044 24.41610 -3.63198 -8.09364 14.19540 1.19137 -13.80050 9.04502 0.78745 -9.28956 48.65740 -5.16232 3.92336 1.18217 -2.89183 12.53680 -12.43810
18.00000 0.00000 0.00000 0.00000 0.00000 0.00000 0.00000 2.29960 -4.01023 23.77300 -3.47584 -7.02718 16.15830 1.25074 -13.19190 8.95265 1.31606 -10.28610 51.46570 -5.26431 3.59259 1.70343 -2.78031 11.98950 -11.66390
19.00000 0.00000 0.00000 0.00000 0.00000 0.00000 0.00000 2.31672 -4.20136 23.11900 -3.30651 -6.04764 17.96920 1.25990 -12.54550 8.89495 1.92412 -11.48960 53.78580 -5.34235 3.31878 2.22051 -2.69327 11.61990 -10.44700
20.00000 0.00000 0.00000 0.00000 0.00000 0.00000 0.00000 2.36628 -4.48356 22.42550 -3.12222 -5.18131 19.60900 1.20527 -11.92790 8.83159 2.55873 -12.79830 55.61490 -5.39218 3.21675 2.72190 -2.68615 11.39320 -9.04870
21.00000 0.00000 0.00000 0.00000 0.00000 0.00000 0.00000 2.40392 -4.90313 21.67360 -2.89424 -4.44931 21.08340 1.09141 -11.32450 8.73791 3.16983 -14.06570 56.97980 -5.41698 3.30254 3.19637 -2.72263 11.22160 -7.63447
22.00000 0.00000 0.00000 0.00000 0.00000 0.00000 0.00000 2.39081 -5.46927 20.85380 -2.59794 -3.86178 22.41660 0.93450 -10.66460 8.60628 3.73291 -15.15560 57.91780 -5.41358 3.50982 3.63776 -2.78111 11.00310 -6.22871
23.00000 0.00000 0.00000 0.00000 0.00000 0.00000 0.00000 2.31968 -6.17446 19.97190 -2.23758 -3.39045 23.63950 0.75007 -9.86032 8.44319 4.25807 -16.01890 58.45550 -5.37625 3.73210 4.04900 -2.86883 10.68550 -4.79560
24.00000 0.00000 0.00000 0.00000 0.00000 0.00000 0.00000 2.21143 -6.99831 19.04400 -1.83779 -3.00445 24.78040 0.55027 -8.87336 8.25359 4.75265 -16.69790 58.59830 -5.30066 3.89445 4.43631 -2.97065 10.28660 -3.34716
25.00000 0.00000 0.00000 0.00000 -0.00000 0.00000 0.00000 2.08854 -7.88406 18.08980 -1.42703 -2.65695 25.87450 0.35161 -7.76843 8.03058 5.22474 -17.29130 58.34750 -5.19038 3.99733 4.80348 -3.02619 9.84405 -1.95268
26.00000 0.00000 0.00000 0.00000 -0.00000 0.00000 0.00000 1.95907 -8.74222 17.13340 -1.02114 -2.29725 26.95080 0.17495 -6.69040 7.76478 5.68797 -17.89140 57.70500 -5.05149 4.09213 5.15843 -2.96572 9.37426 -0.68209
27.00000 0.00000 0.00000 0.00000 -0.00000 0.00000 0.00000 1.81846 -9.49509 16.20090 -0.62148 -1.90389 28.02120 0.03775 -5.78451 7.45559 6.15375 -18.52080 56.67360 -4.88486 4.23802 5.51031 -2.80364 8.86186 0.44367
28.00000 0.00000 0.00000 0.00000 -0.00000 0.00000 0.00000 1.65909 -10.10680 15.31740 -0.22863 -1.48163 29.08560 -0.05320 -5.10807 7.11717 6.62353 -19.14750 55.26650 -4.69634 4.44499 5.86250 -2.63664 8.30086 1.44700
29.00000 0.00000 0.00000 0.00000 -0.00000 0.00000 0.00000 1.47973 -10.57700 14.50560 0.15124 -1.03562 30.12560 -0.10305 -4.61061 6.77763 7.09141 -19.75870 53.49190 -4.50350 4.65742 6.21275 -2.51447 7.71518 2.34961
30.00000 0.00000 0.00000 0.00000 -0.00000 0.00000 0.00000 1.29213 -10.91790 13.77710 0.50448 -0.56878 31.11140 -0.12115 -4.21209 6.46419 7.53592 -20.39220 51.34710 -4.32156 4.81626 6.55848 -2.42881 7.16224 3.13504
31.00000 0.00000 0.00000 0.00000 -0.00000 0.00000 0.00000 1.12213 -11.15830 13.13020 0.81564 -0.07593 32.01380 -0.11783 -3.84651 6.19412 7.93128 -21.09180 48.82970 -4.16205 4.89746 6.89329 -2.36415 6.68969 3.75503
32.00000 0.00000 0.00000 0.00000 -0.00000 -0.00000 0.00000 0.99633 -11.34830 12.54780 1.06988 0.43256 32.80970 -0.10374 -3.47290 5.97509 8.24642 -21.80550 45.96020 -4.02667 4.91073 7.21388 -2.32707 6.28252 4.17715
33.00000 0.00000 0.00000 0.00000 -0.00000 -0.00000 0.00000 0.93068 -11.53960 12.00830 1.25183 0.90486 33.48770 -0.08880 -3.07876 5.80534 8.43513 -22.39400 42.78530 -3.89373 4.88715 7.52596 -2.34204 5.90181 4.40660
34.00000 0.00000 0.00000 0.00000 -0.00000 -0.00000 0.00000 0.92849 -11.74330 11.48800 1.35886 1.25846 34.05000 -0.07399 -2.68097 5.67018 8.44551 -22.74020 39.36400 -3.74398 4.85373 7.83135 -2.37119 5.55367 4.46855
35.00000 0.00000 0.00000 0.00000 -0.00000 -0.00000 0.00000 0.98035 -11.94500 10.96370 1.40540 1.46906 34.49070 -0.05452 -2.30451 5.54832 8.25852 -22.86960 35.73250 -3.57421 4.82135 8.12648 -2.35751 5.32057 4.36447
36.00000 0.00000 0.00000 0.00000 -0.00000 -0.00000 0.00000 1.07192 -12.14500 10.41610 1.41899 1.54770 34.80120 -0.03092 -1.96461 5.42164 7.87329 -22.88340 31.91450 -3.38053 4.79877 8.40851 -2.27812 5.29008 4.10351
37.00000 0.00000 0.00000 0.00000 -0.00000 -0.00000 0.00000 1.19005 -12.34700 9.83125 1.43342 1.47327 34.99080 -0.00530 -1.67009 5.27736 7.29076 -22.84250 27.94890 -3.16316 4.79446 8.67510 -2.14647 5.48241 3.74945
38.00000 0.00000 0.00000 0.00000 -0.00000 -0.00000 0.00000 1.32213 -12.55390 9.20949 1.47815 1.24312 35.08000 0.02343 -1.40677 5.11397 6.54770 -22.75540 23.88030 -2.92549 4.79770 8.92457 -2.01798 5.81242 3.39655
39.00000 0.00000 0.00000 0.00000 -0.00000 -0.00000 0.00000 1.45705 -12.75010 8.56819 1.56877 0.88542 35.09210 0.05844 -1.18396 4.94296 5.69682 -22.61080 19.76070 -2.66185 4.81071 9.15212 -1.94148 6.15030 3.09946
40.00000 0.00000 0.00000 0.00000 -0.00000 -0.00000 0.00000 1.58413 -12.91890 7.92719 1.70751 0.44650 35.05140 0.09703 -1.02415 4.78722 4.78003 -22.43220 15.65550 -2.35776 4.84727 9.35377 -1.90655 6.40769 2.84315
41.00000 0.00000 0.00000 0.00000 -0.00000 -0.00000 0.00000 1.69498 -13.06620 7.29040 1.89627 -0.01166 34.97200 0.12986 -0.91940 4.67324 3.82091 -22.30190 11.63340 -2.00356 4.91074 9.53074 -1.83533 6.56906 2.56150
42.00000 0.00000 0.00000 0.00000 -0.00000 -0.00000 0.00000 1.78119 -13.21150 6.65264 2.12945 -0.43483 34.84960 0.14671 -0.82217 4.62679 2.83135 -22.31210 7.76765 -1.61012 4.99119 9.68437 -1.67921 6.66703 2.19324
43.00000 0.00000 0.00000 0.00000 -0.00000 -0.00000 0.00000 1.83519 -13.35840 6.02439 2.38119 -0.77707 34.67320 0.14109 -0.70119 4.67409 1.83791 -22.51150 4.17218 -1.20323 5.08894 9.81175 -1.48985 6.72009 1.74106
44.00000 0.00000 0.00000 0.00000 -0.00000 -0.00000 0.00000 1.85632 -13.50070 5.42874 2.61267 -1.00711 34.45630 0.10743 -0.54756 4.83814 0.91145 -22.89810 1.02306 -0.79175 5.20609 9.91075 -1.38571 6.70801 1.27293
45.00000 0.00000 0.00000 0.00000 -0.00000 -0.00000 0.00000 1.85072 -13.64170 4.88440 2.78471 -1.10724 34.24940 0.04038 -0.34475 5.13115 0.15414 -23.43430 -1.45782 -0.34631 5.33131 9.97909 -1.45553 6.59037 0.88728
46.00000 0.00000 0.00000 0.00000 -0.00000 -0.00000 0.00000 1.82638 -13.79540 4.39776 2.86849 -1.09295 34.12030 -0.06093 -0.07692 5.55238 -0.34701 -24.04180 -3.05363 0.16162 5.46557 10.01030 -1.67221 6.35458 0.66856
47.00000 0.00000 0.00000 0.00000 -0.00000 -0.00000 0.00000 1.78639 -13.97500 3.96222 2.85929 -1.00635 34.11710 -0.19357 0.25120 6.09231 -0.54952 -24.60590 -3.64005 0.74211 5.62251 9.99805 -1.98669 6.05520 0.66207
48.00000 0.00000 0.00000 0.00000 -0.00000 -0.00000 0.00000 1.72638 -14.18860 3.55858 2.77554 -0.89441 34.23640 -0.35461 0.61466 6.73598 -0.47063 -24.98100 -3.24097 1.39160 5.82149 9.93139 -2.37195 5.76971 0.86942
49.00000 0.00000 0.00000 0.00000 -0.00000 -0.00000 0.00000 1.63975 -14.44770 3.15902 2.64554 -0.79753 34.40760 -0.54468 0.99202 7.46540 -0.16329 -25.07870 -2.04432 2.10758 6.08369 9.79058 -2.78569 5.57329 1.25476
50.00000 0.00000 0.00000 0.00000 -0.00000 -0.00000 0.00000 1.51548 -14.74560 2.74432 1.62262 -0.41428 35.07650 -0.76680 1.35173 8.26662 0.82230 -23.21260 1.48382 2.88044 6.42875 9.54955 -3.64947 5.53966 1.80755
51.00000 0.00000 0.00000 0.00000 -0.00000 -0.00000 0.00000 1.34019 -15.05650 2.31510 1.48491 -0.36307 34.81340 -1.02927 1.65585 9.13683 1.23360 -23.03700 2.94535 3.70034 6.86860 9.18049 -3.93952 5.55766 1.91250
52.00000 0.00000 0.00000 0.00000 -0.00000 -0.00000 0.00000 1.10187 -15.34640 1.89554 1.44044 -0.28136 34.29810 -1.34609 1.87181 10.09030 1.52399 -22.87850 3.91058 4.56114 7.39484 8.65733 -4.28736 5.45732 1.32044
53.00000 0.00000 0.00000 0.00000 -0.00000 -0.00000 0.00000 0.78485 -15.55590 1.54666 1.52388 -0.10004 33.61160 -1.72734 1.95166 11.16200 1.63442 -22.72980 4.18329 5.44526 7.97516 7.94761 -4.62117 5.00360 -0.00907
54.00000 0.00000 0.00000 0.00000 -0.00000 -0.00000 0.00000 0.38782 -15.63770 1.34602 1.71851 0.16272 32.93590 -2.16837 1.84930 12.40520 1.67379 -22.32410 4.21131 6.31655 8.55821 7.01581 -4.73700 4.08894 -1.44896
55.00000 0.00000 0.00000 0.00000 -0.00000 -0.00000 0.00000 -0.06657 -15.59300 1.34004 1.97241 0.34819 32.47220 -2.63619 1.51020 13.88770 1.84362 -21.46240 4.74672 7.11022 9.11840 5.83223 -4.54114 2.95646 -2.36436
56.00000 0.00000 0.00000 0.00000 -0.00000 -0.00000 0.00000 -0.55102 -15.48900 1.51736 2.26515 0.27537 32.26260 -3.08511 0.83178 15.66520 2.17251 -20.33170 5.94314 7.73513 9.76523 4.34739 -4.14126 2.08546 -2.65912
57.00000 0.00000 0.00000 0.00000 -0.00000 -0.00000 0.00000 -1.06572 -15.39940 1.83944 2.61448 -0.07486 32.09500 -3.47894 -0.32863 17.76180 2.49908 -19.31900 7.26612 8.07730 10.71750 2.48896 -3.83714 1.79767 -2.68130
58.00000 0.00000 0.00000 0.00000 -0.00000 -0.00000 0.00000 -1.62944 -15.35850 2.28088 3.03514 -0.55122 31.66910 -3.80244 -2.00429 20.18620 2.70060 -18.60800 8.21562 8.01514 12.09410 0.22891 -3.93121 2.02203 -2.67018
59.00000 0.00000 0.00000 0.00000 -0.00000 -0.00000 0.00000 -2.24676 -15.37060 2.84807 3.50734 -0.95756 30.83350 -4.06270 -3.99803 22.95570 2.78266 -18.02520 8.69229 7.48086 13.76400 -2.33971 -4.51220 2.35145 -2.55909
60.00000 0.00000 0.00000 0.00000 -0.00000 -0.00000 0.00000 -2.89681 -15.41060 3.58019 3.98894 -1.21626 29.65680 -4.28320 -5.93749 26.10490 2.78230 -17.33500 8.81357 6.53198 15.38120 -4.97364 -5.40074 2.44231 -2.27729
61.00000 0.00000 0.00000 0.00000 -0.00000 -0.00000 0.00000 -3.54597 -15.40410 4.53793 4.44101 -1.37959 28.33970 -4.48031 -7.44944 29.66290 2.72310 -16.60260 8.70951 5.31638 16.53340 -7.31799 -6.32566 2.34480 -1.87819
62.00000 0.00000 0.00000 0.00000 -0.00000 -0.00000 0.00000 -4.16419 -15.22270 5.78359 4.83091 -1.55051 27.07940 -4.63161 -8.33408 33.59600 2.62344 -16.12590 8.46103 3.87255 16.90700 -9.07440 -7.11180 2.37254 -1.43057
63.00000 0.00000 0.00000 0.00000 -0.00000 -0.00000 0.00000 -4.72188 -14.74680 7.34121 5.12989 -1.82108 25.96850 -4.69096 -8.66064 37.75380 2.50023 -16.08130 8.11631 2.15364 16.43970 -10.24520 -7.66767 2.74595 -0.95340
64.00000 0.00000 0.00000 0.00000 -0.00000 -0.00000 0.00000 -5.17907 -13.94800 9.17064 5.31763 -2.21204 24.99600 -4.63924 -8.70642 41.90910 2.38637 -16.35020 7.70722 0.44086 15.36990 -11.08840 -8.00141 3.40019 -0.45052
65.00000 0.00000 0.00000 0.00000 -0.00000 -0.00000 0.00000 -5.49483 -12.92430 11.18940 5.39841 -2.64871 24.12050 -4.51025 -8.73367 45.85470 2.31931 -16.67550 7.26084 -0.73004 14.05490 -11.73250 -8.20372 4.08767 0.06024
66.00000 0.00000 0.00000 0.00000 -0.00000 -0.00000 0.00000 -5.65469 -11.83320 13.31890 5.40989 -3.01787 23.31510 -4.34329 -8.89989 49.46160 2.31388 -16.86710 6.81316 -1.06615 12.75550 -12.00050 -8.34783 4.58658 0.56582
67.00000 0.00000 0.00000 0.00000 -0.00000 -0.00000 0.00000 -5.68470 -10.78740 15.48700 5.40760 -3.25876 22.55730 -4.12669 -9.31015 52.65730 2.35558 -16.85660 6.40116 -0.79477 11.63690 -11.63850 -8.45451 4.82273 1.06329
68.00000 0.00000 0.00000 0.00000 -0.00000 -0.00000 0.00000 -5.63047 -9.81992 17.60230 5.42852 -3.42345 21.80620 -3.81174 -10.04320 55.37100 2.40502 -16.63210 6.04321 -0.44046 10.84610 -10.64220 -8.51757 4.86225 1.54761
69.00000 0.00000 0.00000 0.00000 -0.00000 -0.00000 0.00000 -5.52137 -8.92108 19.55860 5.47829 -3.63390 21.00290 -3.36760 -11.07790 57.53590 2.41627 -16.21170 5.72114 -0.25504 10.44290 -9.26904 -8.53582 4.84344 2.00782
70.00000 0.00000 0.00000 0.00000 -0.00000 -0.00000 0.00000 -5.35770 -8.09158 21.27770 5.53736 -3.98509 20.09790 -2.81247 -12.26040 59.13870 2.36236 -15.66240 5.39233 -0.15503 10.33490 -7.76488 -8.51835 4.91699 2.43557
71.00000 0.00000 0.00000 0.00000 -0.00000 -0.00000 0.00000 -5.12671 -7.34384 22.74040 5.57451 -4.49820 19.07850 -2.18682 -13.41310 60.22110 2.24567 -15.05960 5.02268 -0.03395 10.35660 -6.20148 -8.47198 5.16549 2.82726
72.00000 0.00000 0.00000 0.00000 -0.00000 -0.00000 0.00000 -4.82983 -6.67825 23.98240 5.57098 -5.11751 17.96940 -1.51298 -14.40960 60.84020 2.08853 -14.43340 4.60491 0.10578 10.35890 -4.57096 -8.39543 5.54690 3.17826
73.00000 0.00000 0.00000 0.00000 -0.00000 -0.00000 0.00000 -4.48855 -6.06704 25.06790 5.52799 -5.75726 16.82450 -0.78308 -15.21840 61.03640 1.91814 -13.76660 4.15771 0.22204 10.24640 -2.91752 -8.28758 5.94805 3.48577
74.00000 0.00000 0.00000 0.00000 -0.00000 -0.00000 0.00000 -4.12817 -5.47757 26.06650 5.45209 -6.34733 15.71070 0.01375 -15.90890 60.82900 1.75649 -13.04780 3.71441 0.32374 9.98760 -1.34569 -8.15860 6.28462 3.75849
75.00000 0.00000 0.00000 0.00000 0.00000 -0.00000 0.00000 -3.76794 -4.89985 27.03330 5.33807 -6.83045 14.67720 0.86549 -16.57440 60.23060 1.61981 -12.32160 3.30205 0.46991 9.57809 0.07067 -8.02039 6.54038 4.01851
76.00000 0.00000 0.00000 0.00000 0.00000 -0.00000 0.00000 -3.41437 -4.33624 28.00080 5.17423 -7.17350 13.74190 1.74889 -17.26500 59.25250 1.51542 -11.66560 2.92717 0.71923 9.00249 1.33617 -7.87943 6.73957 4.29279
77.00000 0.00000 0.00000 0.00000 0.00000 -0.00000 0.00000 -3.06436 -3.78944 28.97860 4.95666 -7.39870 12.90510 2.63846 -17.99800 57.90040 1.44069 -11.11690 2.58576 1.09372 8.26450 2.47614 -7.73269 6.90862 4.59222
78.00000 0.00000 0.00000 0.00000 0.00000 -0.00000 0.00000 -2.71993 -3.25445 29.95620 4.69547 -7.52956 12.16350 3.51150 -18.78740 56.17550 1.39310 -10.67270 2.27287 1.49592 7.43238 3.47294 -7.56852 7.05329 4.90193
79.00000 0.00000 0.00000 0.00000 0.00000 -0.00000 0.00000 -2.39228 -2.72300 30.91220 4.42006 -7.59121 11.51320 4.34410 -19.62760 54.08640 1.36820 -10.29820 1.99094 1.80268 6.60477 4.27836 -7.37621 7.16294 5.20980
80.00000 0.00000 0.00000 0.00000 0.00000 -0.00000 0.00000 -2.09846 -2.19231 31.81650 4.16826 -7.61690 10.94200 5.10409 -20.48520 51.65630 1.36200 -9.95608 1.74785 1.98327 5.86059 4.86406 -7.15817 7.23310 5.51321
81.00000 0.00000 0.00000 0.00000 0.00000 0.00000 0.00000 -1.85415 -1.66960 32.63490 3.97447 -7.63773 10.42060 5.75126 -21.33630 48.91630 1.36989 -9.63147 1.54828 2.08843 5.25833 5.23011 -6.92988 7.28367 5.81393
82.00000 0.00000 0.00000 0.00000 0.00000 0.00000 0.00000 -1.67008 -1.18092 33.34640 3.86147 -7.67515 9.91245 6.23936 -22.19520 45.90370 1.38252 -9.31696 1.38840 2.17489 4.85105 5.39337 -6.70236 7.32792 6.11471
83.00000 0.00000 0.00000 0.00000 0.00000 0.00000 0.00000 -1.54474 -0.76491 33.93820 3.83464 -7.75350 9.38541 6.52314 -23.07350 42.66460 1.39034 -9.00222 1.25766 2.25313 4.64986 5.37768 -6.47772 7.37281 6.41402
84.00000 0.00000 0.00000 0.00000 0.00000 0.00000 0.00000 -1.45728 -0.45595 34.39940 3.87960 -7.90164 8.81781 6.57668 -23.93000 39.24830 1.39219 -8.66999 1.14419 2.31481 4.59372 5.21166 -6.25926 7.42239 6.70635
85.00000 0.00000 0.00000 0.00000 0.00000 0.00000 0.00000 -1.37694 -0.28902 34.73140 3.96426 -8.10077 8.20715 6.39196 -24.70380 35.69450 1.39337 -8.33432 1.03903 2.35737 4.62106 4.92507 -6.04188 7.47551 6.98569
86.00000 0.00000 0.00000 0.00000 0.00000 0.00000 0.00000 -1.27898 -0.29132 34.94530 4.05448 -8.31992 7.56216 5.97067 -25.35520 32.03010 1.39787 -8.02602 0.93892 2.37781 4.72534 4.52818 -5.80675 7.53642 7.25051
87.00000 0.00000 0.00000 0.00000 0.00000 0.00000 0.00000 -1.15069 -0.44765 35.05470 4.12991 -8.53638 6.89926 5.34119 -25.89330 28.27330 1.40687 -7.76176 0.84690 2.36949 4.92121 4.00954 -5.53807 7.60367 7.50278
88.00000 0.00000 0.00000 0.00000 0.00000 0.00000 0.00000 -0.99242 -0.71194 35.07930 4.18820 -8.74346 6.24125 4.55936 -26.35120 24.44710 1.41873 -7.53277 0.77271 2.34467 5.19138 3.36393 -5.23581 7.67360 7.74084
89.00000 0.00000 0.00000 0.00000 0.00000 0.00000 0.00000 -0.81482 -1.03748 35.03900 4.23572 -8.94199 5.61161 3.69443 -26.72840 20.58820 1.42817 -7.33401 0.73206 2.31144 5.47850 2.60426 -4.89821 7.76490 7.96402
90.00000 0.00000 0.00000 0.00000 0.00000 0.00000 0.00000 -0.63386 -1.38252 34.94470 4.27303 -9.11520 5.02535 2.81743 -26.99700 16.74860 1.43524 -7.17648 0.73727 2.26200 5.72343 1.76991 -4.52263 7.89848 8.17195
91.00000 0.00000 0.00000 0.00000 0.00000 0.00000 0.00000 -0.46422 -1.70146 34.80070 4.29335 -9.24472 4.48683 1.98913 -27.14780 12.99720 1.44607 -7.05551 0.79675 2.18809 5.90087 0.93181 -4.11350 8.06484 8.36013
92.00000 0.00000 0.00000 0.00000 0.00000 0.00000 0.00000 -0.31515 -1.94981 34.61630 4.29461 -9.34280 3.99564 1.24689 -27.18770 9.42499 1.46319 -6.93321 0.92425 2.11439 6.01638 0.16458 -3.67814 8.23685 8.52249
93.00000 0.00000 0.00000 0.00000 0.00000 0.00000 0.00000 -0.19248 -2.10763 34.41570 4.28003 -9.44381 3.55088 0.60386 -27.11540 6.15709 1.48238 -6.76060 1.13501 2.09466 6.10174 -0.48456 -3.22435 8.39360 8.65382
94.00000 0.00000 0.00000 0.00000 0.00000 0.00000 0.00000 -0.10405 -2.17810 34.24480 4.24363 -9.55589 3.15028 0.07134 -26.93530 3.36065 1.49595 -6.52338 1.43874 2.18768 6.20123 -0.99246 -2.75502 8.53279 8.75425
95.00000 0.00000 0.00000 0.00000 0.00000 0.00000 0.00000 -0.06132 -2.15965 34.16320 4.17501 -9.67062 2.78549 -0.32895 -26.68260 1.23478 1.50036 -6.22645 1.83326 2.39636 6.35717 -1.34469 -2.26950 8.66076 8.82215
96.00000 0.00000 0.00000 0.00000 0.00000 0.00000 0.00000 -0.07420 -2.05835 34.22330 4.07586 -9.79526 2.44661 -0.57121 -26.36970 -0.04036 1.49456 -5.87089 2.30955 2.61766 6.56905 -1.52649 -1.76596 8.78621 8.84906
97.00000 0.00000 0.00000 0.00000 0.00000 0.00000 0.00000 -0.13826 -1.89716 34.43880 3.95671 -9.95671 2.12324 -0.64209 -25.96370 -0.38193 1.48102 -5.46026 2.85516 2.71913 6.77769 -1.52139 -1.24112 8.92583 8.82071
98.00000 0.00000 0.00000 0.00000 0.00000 0.00000 0.00000 -0.22326 -1.70759 34.75430 3.82615 -10.18800 1.80067 -0.55938 -25.42340 0.14091 1.46016 -4.99569 3.45859 2.64965 6.88862 -1.30694 -0.69009 9.09362 8.72635
99.00000 0.00000 0.00000 0.00000 0.00000 0.00000 0.00000 -0.28680 -1.52685 35.05690 3.68229 -10.50900 1.45504 -0.36766 -24.74780 1.32422 1.42884 -4.48448 4.11042 2.47190 6.84994 -0.88291 -0.10670 9.30060 8.55825
100.00000 0.00000 0.00000 0.00000 0.00000 0.00000 0.00000 -0.30372 -1.37103 35.22580 3.50898 -10.91980 1.05869 -0.12043 -23.99560 2.87537 1.37803 -3.94847 4.80604 2.25418 6.69492 -0.36759 0.51750 9.55945 8.30655